750
0 2
1
28
95 6
668 8
286
78
204 10
157 12
131 15
236 18
211
38
735 20
111
423
756
146 26
34
175 27
32 30
99 31
67 36
263 37
13
606
91 40
169 44
105 46
98
140
664 47
22
775
401 49
70
150 51
176
80 52
121
201
572 53
5
133 54
275
87
155 55
615 57
579 58
93 59
234 61
364
81
450
228
281
231 64
433
41
605
964
48
160 65
313
402 66
181
129 68
43
424 69
820
109
251
256 71
166
296
262 72
125
951
570
241
218 76
92
153 79
17
387
138 82
182 84
90
314
4
167
799
265
270 85
350 86
29
243 88
428 94
288 96
367
165 97
353 101
525 102
320
409 104
42
123 108
947 114
19
298
11
511 115
475 116
327 117
134 118
9
60
197
581 119
203
21
860
83
162 124
189
373 126
832 128
490 130
139
198 137
141
994
193
773 143
715 144
677
196
436
413 147
23
567
596
171 151
482 152
624 156
50
195 158
746
106
644
309
536
497
200 161
805 163
24
260
145
768
408 168
338 172
226 173
346
179
194
467
815
355 180
942
381
848
120
285 183
127
217
415 185
817 188
534 190
383 191
63
410 199
385 206
14
45
478 207
461 214
321 215
209
720 221
573 223
472
261
628 224
484 227
405 237
444 238
319
376 242
113
287
372 244
488
301
272
609 246
962
393
225
836
277
254
710 248
202
252 249
592
269 250
16
454 253
136
3
291 257
707
858 259
509
557
681 264
230
73
743
471 266
75
616
755
184
178
279
704
174
7
614
295 271
516
268
435
841 273
417 280
986
100
74
368 289
205
662 290
997
588
469 297
407 304
394 306
703 307
77
806 310
619 318
521 322
498 324
365 330
654
460
35
358
233
455 331
336 335
302
505
278
219
741
611
348
439
103
294
517 337
149
532
499
723
627
414 339
245
148
411
470 341
556
513 343
170
300
89
446
406
210
508
539
625 344
456
39
876 345
485
637 359
813 363
164
311
447 366
110
801 371
441
894 375
154
483
824 382
520
744 384
208
645
569
434 386
299
422 388
112
132
276
186
352
585 390
25
481 392
432 395
312
803
451
745
220
464 398
416
332
778
340
107
212
229
576
62
213
222
514
765 399
545 403
247
255
695 418
232
317
357
351
216
468
502
623
397
950
492 419
315
474 426
274
377
781 427
404
370
159
578 437
688
258
491
187
550
429
788 438
589 443
391
796 445
369
953 449
533
728
504
329
347
857 452
726 458
239
899
487 459
122
538
267
457
463
552 465
541
235
519
620 466
328
571 476
305
56
412
584
501 494
737 495
192
292
544 496
825 503
396
670 510
838 512
177
835 518
889
316
736
617 522
924
500
647
561
334
356
933
583 523
283
732
565
240
389
816 524
603 527
515
568 528
349
814 529
759 535
563 537
303
840 542
855
580 543
629
626
893
885 547
135
323
923
932 548
378
553 558
551
493
631 562
717 564
722
978
489
293
400
530
380
663
480
604
577 566
957 582
930 586
354
995 587
361
770 590
473
360
325
638
937 595
903 598
421
546
282
669
865
549
982 599
640
676 600
477
559
479
761
711 601
284
861 607
333
430
507
846 608
326
660 612
712
622 618
308
641
760 630
890
142
362
988 632
379
634 633
425
342
648
702
888
706
896
872 635
738
996 636
936
678
747
440
719
769 643
560
771
818 651
506
594
830
740 653
869
977 657
779
963
833 659
752 661
998
650
526
939
797 665
690
486
682
448
877
697 666
610
442
420
575
802
831
686 673
763 674
621
656
693
679
819
658
866 675
652
718
698 683
687
531
649
655
374
672
834 684
680
881 685
757
758 689
453
750 696
574
807
540
555
602
762 699
591
724
887
812
729
897 700
671
701 705
795 709
975
920 714
642
863
727
613
716 721
804
731 749
900
853 751
935
554
694
754
926
960 753
828 774
767
867
593
725
907
739
597
847 782
810 783
931
792
787
667
691
837 789
823
844
808 793
742
431
790
646
766
784
849
639
880
922
764
713
786
708
886
794 798
785
901 800
850
777
692
772
733
730
934 856
878
829
827
864
462
852
734
884 862
809
921
821
891 868
904 871
929 873
987
879 882
912 883
791
839
906
748
892 898
811
843
822
973 902
971
859
851
845
874
875
952 909
33
826
910 911
940 915
870
961 916
945 918
927 919
949 928
895
944
956 941
776
780
955
965 943
925
938
967 946
908
959
914
842
954
972
970
992
991 958
989
854
905
913
993 968
917
976
948
966
983
969
981 974
990 979
980 984
985 999
